37776961
37716602
37688003
37654748
37654707
37533297
37533290
37533267
37437582
37407301
37407294
37407284
37313962
37313928
37235714
37178981
37178935
37178898
37178643
37132347
37132326
36974298
36974145
36974105
36973702
36973568
36915417
36915377
36915341
36915278
36915261
36843821
36843814
36803713
36803684
36803654
36727569
36677202
36677191
36595513
36539137
36464893
36355183
36319603
36246601
36194218
36194192
36194162
36194154
36194137
36155366
36114032
36011567
36011509
36011446
36011390
36011311
36011268
36011231
36011191
36011112
35851649
35824444
35758935
35741326
35579610
35579545
35506763
35480535
35480261
35406131
35406100
35406083
35350279
35274148
35232159
35184596
35078493
35057549
35057525
35057495
35043577
35043570
35043563
35043545
35043535
35043517
35043494
35043479
34982792
34911257
34866946
34854352
34838424
34838416
34838415
34810191
34810180
34784348
34784297
34784287
34784261
34784253
34784223
34784218
34603922
34603904
34603893
34603862
34548916
34548909
34548889
34519760
34519747
34488105
34488079
34488070
34488055
34488043
34406596
34406589
34406580
34351175
34351169
34279064
34278970
34278945
34278909
34278868
34278833
34278796
34278776
34278750
34219679
34219669
34219590
34219576
34219560
34219547
34183360
34183341
34183297
34183270
34183235
34183198
34183161
34178800
34178709
34178669
33808374
33795991
33795982
33764990
33764982
33762007
33761917
33761861
33761852
33683904
33683884
33683872
33683867
33662241
33625242
33625237
33625226
33625219
33625216
33625204
33598733
33598723
33598710
33598691
33598674
33598663
33598644
33598637
33598624
33598609
33558774
33558554
33528364
33496925
33458275
33401273
33401246
33351825
33336314
33315398
33315357
33314631
33246986
33225270
33225253
33201293
33103994
33056546
33033405
33033396
33032392
32982009
32946253
32933523
32919321
32900473
32900470
32900467
32900464
32900460
32828681
32780992
32780850
32780815
32732439
32708174
32708088
32650300
32650283
32621559
32595431
32595334
32586811
32586723
32558168
32558156
32558141
32503837
32466027
32445625
32445596
32445563
32422615
32422546
32393704
32342485
32342314
32289983
32241483
32241406
32178556
32178541
32178517
32092780
32092723
32072612
32072557
32036968
31998102
31998075
31974712
31931505
31890241
31890164
31890155
31890125
31890101
31890085
31818938
31790125
31790089
31790049
31738360
31738273
31683854
31683758
31632502
31629311
31629286
31596597
31596493
31596461
31565153
31565055
31546520
31503529
31503462
31451126
31426013
31425956
31400211
31374112
31344486
31320284
31293450
31265171
31265142
31265097
31265052
31230890
31208709
31208706
31208699
31187239
31159456
31117864
31117820
31117791
31081138
31063807
31050579
31050542
31050522
31050464
31050413
31050395
31021462
30980976
30980956
30977618
30958734
30935940
30895871
30895869
30866123
30841146
30829357
30819969
30814241
30814217
30806914
30806913
30805240
30805236
30798792
30798775
30787817
30784964
30775194
30775188
30775182
30775176
30775166
30775163
30775157
30775148
30645059
30615454
30558517
30558516
30429867
30399615
30371411
30323644
30300115
30299582
30299524
30219035
30197440
30146855
30146249
30101010
29987856
29987808
29987711
29915816
29862135
29862113
29862098
29800642
29724147
29661673
29601729
29601590
29601342
29601300
29431382
29431057
29364158
29252782
29203918
29203799
29096870
29021400
28945902
28945769
28945659
28923613
28923586
28923559
28923523
28753320
28638791
28571219
28571017
28570995
28471833
28452385
28452323
28452235
28451972
28397898
28397883
28334477
28292206
28292164
28200888
28144259
28099242
28099198
28099084
28099014
28098787
28098611
27980667
27980527
27884501
27884454
27778028
27777956
27777851
27777741
27777599
27777550
27777496
27668252
27635627
27594937
27594858
27594843
27594829
27594807
27533389
27527670
27527421
27482269
27469858
27421846
27421828
27421806
27329912
27329877
27217889
27008829
27008751
26983106
26876396
26850327
26779991
26765638
26740698
26638251
26564603
26539831
26539807
26509772
26488452
26488409
26415614
26352876
26352691
26266443
26244994
26160718
26136771
26075213
26040895
26040847
25972874
25949364
25872974
25872886
25841882
25819844
25771310
25740208
25681126
25629386
25629194
25540254
25467862
25467748
25467705
25235482
25210352
25139361
25139256
25088565
24992009
24881456
24856854
24831332
24751791
24716992
24697956
24673233
24638085
24446206
24372159
24354425
24124354
24097652
24097587
24065419
24065257
24058262
24041535
24041391
24015832
24015768
23975074
23945487
23945435
23916667
23887723
23873203
23861700
23858447
23847993
23811214
23804406
23785363
23755293
23755084
23736541
23736269
23725182
23695838
23684557
23684463
23684321
23651288
23651137
23614420
23614403
23614393
23587407
23587263
23587160
23559921
23559867
23559710
23550079
23536406
23523524
23495737
23495352
23465041
23464989
23445251
23443003
23405450
23385823
23376109
23347553
23315372
23308817
23285492
23256439
23256315
23256228
23225628
23225518
23197120
23190971
23181564
23181468
23160901
23160839
23130147
23108584
23082126
23056438
23032392
23016519
23005322
23005093
22965549
22965462
22942979
22933588
22913456
22908709
22890576
22881676
22881485
22881332
22881163
22835693
22817808
22817744
22817533
22792970
22768164
22743294
22743192
22714812
22709754
22693119
22678510
22678283
22663617
22614306
22613916
22590706
22590611
22582170
22581991
22581799
22557690
22542873
22535158
22526010
22508024
22486497
22479467
22473926
22439472
22434497
22427067
22411595
22411547
22377843
22356465
22356429
22356398
22325531
22317715
22294580
22290473
22240660
22199524
22167240
22145364
22145323
22145305
22124456
22114167
22103642
22095547
22084006
22067283
22052416
22052248
22039000
22038974
22030946
22015758
22015714
22015668
22002874
22002847
21993504
21989529
21984673
21960293
21960167
21936840
21936832
21936825
21916787
21916679
21916616
21916607
21916573
21896043
21889097
21888979
21881326
21880769
21880704
21829069
21825132
21825046
21810396
21785610
21783799
21783780
21774299
21748552
21745174
21714457
21683781
21644792
21615765
21602759
21576596
21576532
21576407
21501877
21482383
21482168
21463011
21425431
21407073
21407008
21406973
21366859
21356092
21327557
21327458
21327308
21327223
21287432
21287344
21257493
21217505
21217411
21185203
21137381
21118476
21118453
21098419
21078283
21078220
21078109
21078051
21078022
21053966
20973366
20948700
20906081
20886644
20865130
20864965
20838344
20838259
20838200
20838133
20821846
20821744
20816093
20785706
20768988
20738470
20730476
20730429
20730389
20714045
20714001
20713962
20692219
20692190
20692166
20692142
20692102
20692067
20664395
20656039
20655984
20655870
20648286
20648192
20605937
20570879
20509640
20486267
20444179
20417889
20385861
20350232
20291373
20273776
20273701
20273588
20226338
20226241
20201416
20187446
20187388
20132905
20118455
20069207
20049887
20019870
19969229
19954670
19895659
19869942
19797494
19752744
19734847
19713026
19682076
19681987
19645836
19645567
19628317
19628230
19519313
19478326
19436187
19396986
19370903
19339387
19325775
19325773
19325768
19314442
19314306
19306423
19306402
19292484
19289758
19281353
19281217
19281194
19275590
19267537
19267505
19267479
19252078
19252056
19252044
19234540
19234537
19234524
19218096
19203230
19192255
19192192
19192117
19170727
19170716
19153991
19153935
19153905
19136969
19136957
19136950
19136936
19136925
19136904
19136900
19128618
19128586
19113565
19096230
19096187
19079706
19079571
19079436
19079289
19079181
19079056
19042613
19042593
19042536
19040185
19031445
19031352
19031311
19031107
19016441
19006987
19006979
19006976
19006967
19006961
19006955
18990555
18990546
18990544
18990539
18990536
18990533
18990531
18990526
18990520
18978234
18969876
18969768
18969722
18969689
18960511
18960466
18960442
18960402
18960383
18948365
18948340
18948303
18931993
18931984
18931977
18931973
18915802
18915797
18915794
18915789
18915785
18915782
18915779
18896092
18896050
18895977
18888804
18888775
18888743
18888720
18888652
18888614
18888552
18888425
18868458
18868399
18868340
18854757
18854732
18854693
18854669
18854628
18854604
18854408
18854297
18854277
18806537
18806516
18806484
18806480
18790211
18790190
18790188
18772456
18772452
18772440
18772436
18757777
18757767
18757498
18757493
18739723
18739678
18725015
18724995
18707424
18707416
18707407
18707402
18688281
18688261
18688238
18688199
18688171
18670985
18670932
18670915
18654361
18642958
18642863
18629348
18629290
18612696
18612520
18598069
18585929
18585857
18585700
18585598
18566163
18566125
18566072
18566036
18566016
18565994
18537762
18531226
18531180
18531133
18531097
18525080
18525022
18524927
18524886
18524813
18509113
18509034
18508955
18492477
18492417
18478108
18477897
18467061
18467033
18467013
18462965
18462908
18450659
18421564
18420513
18393605
18393553
18393518
18388854
18359435
18359403
18352301
18352276
18345182
18344205
18344154
18328968
18328925
18328904
18319107
18319039
18294892
18294804
18294711
18288063
18279833
18279710
18279632
18264086
18232137
18232099
18232088
18232073
18232060
18232049
18232026
18227877
18227867
18227855
18227813
18227801
18214596
18214587
18214572
18190638
18190631
18185174
18162533
18152098
18132854
18088921
18088894
18088833
18087601
18087563
18087533
18087502
18084587
18084578
18077477
18077397
18077367
18077329
18077265
18077211
18077176
18077153
18071858
18071737
18071735
18071733
18071732
18071729
18071169
18066287
18060522
18050882
18049091
18049070
18049057
18049043
18049021
18044821
18044784
18044749
18044724
18044690
18044654
18036116
18036092
18036065
18036031
18030252
18029994
18029963
18029936
18029915
18029857
18029787
18020635
18020617
18020567
18020555
18020545
18020533
18020526
18020517
18020509
18020504
18010455
17990588
17990489
17990462
17990434
17985247
17985225
17973758
17973741
17973695
17973675
17973647
17973629
17973601
17964704
17940052
17933644
17933582
17933485
17933465
17933434
17933399
17914853
17914833
17914819
17914806
17900580
17899742
17899710
17899701
17887624
17887595
17887585
17887571
17887519
17887482
17887471
17881796
17881758
17881747
17881722
17881609
17881514
17870008
17869982
17869953
17869914
17869877
17869854
17859348
17857654
17857564
17857543
17857507
17846611
17843792
17843754
17843739
17843714
17843610
17843538
17822348
17816864
17816842
17816715
17816701
17816684
17816649
17816616
17816610
17816562
17816532
17809031
17803453
17803415
17803390
17803369
17803357
17803249
17789471
17789458
17789318
17789300
17789278
17789267
17789239
17789227
17789213
17789201
17789129
17776729
17766540
17766512
17766466
17766271
17766227
17766109
17754477
17753827
17753597
17753571
17742812
17733557
17733549
17733535
17733521
17733514
17725885
17725691
17725672
17725599
17725502
17725466
17701637
17693925
17693863
17693840
17682714
17681391
17681369
17656452
17652949
17643759
17643691
17643610
17639994
17639927
17639880
17639844
17639798
17635729
17633044
17632993
17632968
17632957
17632845
17632791
17627682
17616012
17610279
17610094
17594826
17594744
17594633
17594536
17594461
17594363
17579682
17579613
17579456
17579412
17579366
17569586
17569582
17569575
17564340
17563948
17550345
17550224
17550169
17542763
17542590
17542539
17542488
17542456
17542424
17542358
17538189
17538154
17538103
17538078
17538065
17538042
17533034
17532982
17532955
17532927
17532902
17532848
17532821
17528729
17528516
17528265
17528150
17528093
17528044
17527929
17527624
17525799
17525712
17525657
17525588
17525529
17525423
17518267
17518256
17518254
17518250
17518247
17517542
17505305
17505158
17505079
17505045
17504993
17504945
17504893
17504741
17504700
17491621
17487889
17487812
17487773
17487688
17487636
17487534
17487459
17487420
17487343
17485760
17485746
17485686
17485618
17485434
17485373
17485312
17485295
17485270
17484920
17474813
17473537
17473467
17473428
17473383
17473249
17473177
17473112
17473047
17472267
17471889
17471859
17471815
17471571
17471463
17471436
17471384
17471023
17470981
17470918
17470890
17460909
17460876
17460849
17460822
17460799
17460772
17460745
17460681
17457638
17457597
17457574
17457543
17457512
17457487
17457443
17457422
17456597
17456571
17456553
17456452
17456412
17456398
17456379
17456358
17456339
17456319
17456286
17453782
17453751
17453718
17453181
17453157
17453094
17453013
17452892
17450865
17450862
17450860
17450854
17450850
17450846
17450845
17450842
17450838
17450821
17450774
17450773
17450769
17450767
17450739
